0 273.951213255065 325.649007499191 370.896914825598 313.104561484638 288.656135805624 330.119662860862 355.243244399285 177.569601528944 335.049865990477 271.232339433751 198.573997587644 191.931734789341 297.504727293039 230.504574342626 260.413078107902 281.426613243701 323.960412825346 230.651287577324 144.689667755113
273.951213255065 0 82.1169074898695 99.9067138534182 100.19462280364 43.0949384090523 218.609601727387 146.824552908715 348.708876444267 240.690554553649 35.2650451964321 116.71846297489 88.9974985089446 234.373965656929 43.579496910311 45.2081102183875 13.3754251610641 62.5187799806905 117.676600337445 261.296139539005
325.649007499191 82.1169074898695 0 110.073818842313 34.9477088995525 42.7411795954709 163.499576797451 205.910872883346 361.581309864844 187.449644891574 115.135874110079 196.534486851601 134.648644265564 194.129010980415 113.678035645692 126.823568416739 68.7415810819122 28.6179418806705 113.150142859202 275.748520349758
370.896914825598 99.9067138534182 110.073818842313 0 144.748554934072 109.181565153571 273.49446863861 116.244708787362 446.334770167064 297.480460426865 101.087987041199 191.456724501964 188.856180575845 303.095712827558 141.566295706711 113.660694883518 96.9571969930207 84.1293953948086 204.504525192641 358.749432322664
313.104561484638 100.19462280364 34.9477088995525 144.748554934072 0 57.1515588758913 129.370224589522 235.853054941841 334.212966909779 153.184655268738 135.337829676287 205.9473979076 127.76689623246 159.206052941914 120.832481431659 145.07222714851 87.6719249155859 61.4456372427067 88.7795702225304 249.928748621854
288.656135805624 43.0949384090523 42.7411795954709 109.181565153571 57.1515588758913 0 179.519021826993 182.956008527684 340.520838773401 202.376652252289 78.1866535597431 154.15314441712 96.736885149309 200.398378205938 70.9451884514189 88.1728320568857 30.560832904134 35.7376840997754 95.4035363872538 253.212357215527
330.119662860862 218.609601727387 163.499576797451 273.49446863861 129.370224589522 179.519021826993 0 362.444099177718 279.15042749497 24.0710351725872 252.873374288726 298.695729379252 197.317303821434 50.599561781732 221.017167665233 259.197740616276 208.455997090601 190.813612350343 125.643310692314 214.202610489745
355.243244399285 146.824552908715 205.910872883346 116.244708787362 235.853054941841 182.956008527684 362.444099177718 0 472.892427908458 385.323937260899 117.498084328053 156.692242194461 215.519533309906 381.093446685191 165.232193779181 118.259404546327 154.989252266168 177.359827392293 263.064733059771 388.572443899134
177.569601528944 348.708876444267 361.581309864844 446.334770167064 334.212966909779 340.520838773401 279.15042749497 472.892427908458 0 270.745490712709 363.451962002414 327.405837470719 262.022082880119 230.345923542673 313.68034901003 357.97879830068 349.573138912067 373.901320669807 248.568987101478 87.5853518898516
335.049865990477 240.690554553649 187.449644891574 297.480460426865 153.184655268738 202.376652252289 24.0710351725872 385.323937260899 270.745490712709 0 274.587057774065 316.502499087899 213.96791831937 41.0607890134351 240.895341408813 280.40207959717 230.900242376531 214.625674642807 142.362680577763 211.790778968158
271.232339433751 35.2650451964321 115.135874110079 101.087987041199 135.337829676287 78.1866535597431 252.873374288726 117.498084328053 363.451962002414 274.587057774065 0 93.6598733780368 101.685736259084 266.292792251617 49.9257900755912 13.8587272841565 47.7435779065723 92.017382426458 145.898373759222 277.064895617456
198.573997587644 116.71846297489 196.534486851601 191.456724501964 205.9473979076 154.15314441712 298.695729379252 156.692242194461 327.405837470719 316.502499087899 93.6598733780368 0 103.468871054497 296.647606969586 85.1186659418735 79.872511242811 129.536010433865 179.231218985236 174.24159034598 248.890914027857
191.931734789341 88.9974985089446 134.648644265564 188.856180575845 127.76689623246 96.736885149309 197.317303821434 215.519533309906 262.022082880119 213.96791831937 101.685736259084 103.468871054497 0 193.18258873068 51.7679636277044 97.6239000999575 93.1250601255392 132.172839281745 71.7409408009813 175.396543062454
297.504727293039 234.373965656929 194.129010980415 303.095712827558 159.206052941914 200.398378205938 50.599561781732 381.093446685191 230.345923542673 41.0607890134351 266.292792251617 296.647606969586 193.18258873068 0 227.239858600221 270.205012442214 226.31902479013 218.974944291327 124.274428595414 171.014433213406
230.504574342626 43.579496910311 113.678035645692 141.566295706711 120.832481431659 70.9451884514189 221.017167665233 165.232193779181 313.68034901003 240.895341408813 49.9257900755912 85.1186659418735 51.7679636277044 227.239858600221 0 47.0048034402581 52.7120224670943 100.926362835664 103.416911924187 227.162128879016
260.413078107902 45.2081102183875 126.823568416739 113.660694883518 145.07222714851 88.1728320568857 259.197740616276 118.259404546327 357.97879830068 280.40207959717 13.8587272841565 79.872511242811 97.6239000999575 270.205012442214 47.0048034402581 0 58.3993252249902 104.74934215449 147.991522163915 272.254448307118
281.426613243701 13.3754251610641 68.7415810819122 96.9571969930207 87.6719249155859 30.560832904134 208.455997090601 154.989252266168 349.573138912067 230.900242376531 47.7435779065723 129.536010433865 93.1250601255392 226.31902479013 52.7120224670943 58.3993252249902 0 49.8420119494424 112.997240007245 262.002929450996
323.960412825346 62.5187799806905 28.6179418806705 84.1293953948086 61.4456372427067 35.7376840997754 190.813612350343 177.359827392293 373.901320669807 214.625674642807 92.017382426458 179.231218985236 132.172839281745 218.974944291327 100.926362835664 104.74934215449 49.8420119494424 0 126.317529535308 286.937428496587
230.651287577324 117.676600337445 113.150142859202 204.504525192641 88.7795702225304 95.4035363872538 125.643310692314 263.064733059771 248.568987101478 142.362680577763 145.898373759222 174.24159034598 71.7409408009813 124.274428595414 103.416911924187 147.991522163915 112.997240007245 126.317529535308 0 162.618028369441
144.689667755113 261.296139539005 275.748520349758 358.749432322664 249.928748621854 253.212357215527 214.202610489745 388.572443899134 87.5853518898516 211.790778968158 277.064895617456 248.890914027857 175.396543062454 171.014433213406 227.162128879016 272.254448307118 262.002929450996 286.937428496587 162.618028369441 0
